Media: 241.91228070175438
Mediana: 239.0
Moda: 170.0
Varianza: 21086.30558853275
Desviación estándar: 145.21124470416453